[-4.05544693e-01 -4.05545378e-01 -1.35181736e-01 -1.34821400e+02
 -1.35181907e-01 -4.13055827e-02 -1.35181564e-01 -1.26977099e+02
 -2.70363128e-01 -1.50201928e-02 -1.35181736e-01 -1.60453394e+02
 -2.70363814e-01 -1.12651589e-02 -2.70363643e-01 -2.00365858e+02
 -1.35181564e-01 -3.00403524e-02  0.00000000e+00 -1.52826870e+02
  0.00000000e+00  0.00000000e+00 -1.35181736e-01  1.18513773e+00
  1.77770660e+00  5.92568865e-01  1.75301623e+01  5.92568865e-01
  4.93807388e-02  0.00000000e+00  2.40154993e+01  0.00000000e+00
  0.00000000e+00  0.00000000e+00  2.43117837e+01  0.00000000e+00
  6.58409850e-02  2.96284433e+00  3.42208520e+01  1.77770660e+00
  1.97522955e-01  1.77770660e+00  3.08958822e+01  5.92568865e-01
  8.23012312e-02  5.92568865e-01 -1.11146363e+00 -1.11146363e+00
 -5.55731815e-01 -2.86819365e+01 -1.66719545e+00 -9.26219692e-02
 -1.11146363e+00 -2.26769455e+01 -1.11146363e+00 -1.54369949e-01
 -5.55731815e-01 -2.28776264e+01 -5.55731815e-01 -6.17479795e-02
 -5.55731815e-01 -5.47087098e+01  0.00000000e+00  0.00000000e+00
 -5.55731815e-01 -4.61874886e+01 -5.55731815e-01 -7.71849743e-02
 -5.55731815e-01  1.11146363e+00  1.11146363e+00  5.55731815e-01
  2.86819365e+01  1.66719545e+00  9.26219692e-02  1.11146363e+00
  2.26769455e+01  1.11146363e+00  1.54369949e-01  5.55731815e-01
  2.28776264e+01  5.55731815e-01  6.17479795e-02  5.55731815e-01
  5.47087098e+01  0.00000000e+00  0.00000000e+00  5.55731815e-01
  4.61874886e+01  5.55731815e-01  7.71849743e-02  5.55731815e-01
  1.18513773e+00  1.77770660e+00  5.92568865e-01  1.75301623e+01
  5.92568865e-01  4.93807388e-02  0.00000000e+00  2.40154993e+01
  0.00000000e+00  0.00000000e+00  0.00000000e+00  2.43117837e+01
  0.00000000e+00  6.58409850e-02  2.96284433e+00  3.42208520e+01
  1.77770660e+00  1.97522955e-01  1.77770660e+00  3.08958822e+01
  5.92568865e-01  8.23012312e-02  5.92568865e-01  4.05544693e-01
  4.05545378e-01  1.35181736e-01  1.34821400e+02  1.35181907e-01
  4.13055827e-02  1.35181564e-01  1.26977099e+02  2.70363128e-01
  1.50201928e-02  1.35181736e-01  1.60453394e+02  2.70363814e-01
  1.12651589e-02  2.70363643e-01  2.00365858e+02  1.35181564e-01
  3.00403524e-02  0.00000000e+00  1.52826870e+02  0.00000000e+00
  0.00000000e+00  1.35181736e-01 -2.37027546e+00 -3.55541319e+00
 -1.18513773e+00 -3.50603245e+01 -1.18513773e+00 -9.87614775e-02
  0.00000000e+00 -4.80309986e+01  0.00000000e+00  0.00000000e+00
  0.00000000e+00 -4.86235674e+01  0.00000000e+00 -1.31681970e-01
 -5.92568865e+00 -6.84417039e+01 -3.55541319e+00 -3.95045910e-01
 -3.55541319e+00 -6.17917644e+01 -1.18513773e+00 -1.64602462e-01
 -1.18513773e+00]
